0.03980255,-1.677308,1.992761,-0.6203464
0.08313751,-1.661116,2.006457,-0.6083014
0.1344681,-1.662809,2.029569,-0.6054441
0.1790314,-1.676765,2.01999,-0.6187264
0.03993988,-1.708995,2.015466,-0.6409129
0.0200119,-1.823977,2.037652,-0.6937668
0.03955078,-2.024087,2.163597,-0.74696
0.00340271,-2.234526,2.337356,-0.800723
0.02339172,-2.459601,2.533053,-0.8704354
0.03980255,-2.710526,2.741268,-0.9767026
0.01990509,-2.825578,2.82662,-1.026368
0.01989746,-3.050849,2.979809,-1.126824
0.02026367,-3.238945,3.106731,-1.230755
0.01953888,-3.376832,3.190969,-1.321497
0.01989746,-3.432478,3.226149,-1.363837
0.01989746,-3.50001,3.267671,-1.416071
0.02000427,-3.5281,3.28673,-1.442013
0.06680298,-3.432369,3.211522,-1.380939
0.03984833,-3.295604,3.079269,-1.258289
0.01992798,-3.223401,3.005443,-1.189329
0.02032471,-3.088578,2.873705,-1.070207
0.01940155,-2.966552,2.776299,-0.9684278
0.02033997,-2.832916,2.70907,-0.8746787
0.01955414,-2.772034,2.693378,-0.8350543
0.02062988,-2.629079,2.6866,-0.7456204
0.01907349,-2.483911,2.721754,-0.6540443
0.02002716,-2.414151,2.752272,-0.6125047
0.01977539,-2.272628,2.824169,-0.5346527
0.003234863,-2.149632,2.918457,-0.4574506
0.03980255,-2.055269,3.032403,-0.393995
0.003326416,-2.021807,3.087315,-0.3705932
0.03981018,-1.995312,3.180867,-0.3468889
0.01989746,-2.01501,3.262115,-0.348677
0.003211975,-2.122174,3.325603,-0.4016198
0.02342987,-2.369091,3.357735,-0.5256592
0.02333069,-2.73259,3.365822,-0.7142009
0.03980255,-3.114738,3.360087,-0.9380878
0.01992035,-3.303103,3.349468,-1.04822
0.01987457,-3.637059,3.318186,-1.242632
0.01990509,-4.009295,3.326361,-1.460254
0.01989746,-4.279793,3.29647,-1.60515
0.01989746,-4.406917,3.284572,-1.664605
0.01990509,-4.606914,3.265924,-1.764191
0.02014923,-4.723506,3.238264,-1.824348
0.01964569,-4.759916,3.230586,-1.843087
0.01990509,-4.792967,3.218984,-1.859449
0.03979492,-4.773773,3.216524,-1.83851
0.01990509,-4.648827,3.243309,-1.734897
0.01989746,-4.408169,3.300477,-1.577062
0.01989746,-4.113527,3.346468,-1.377043
0.0200882,-3.966856,3.373419,-1.286175
0.02000427,-3.672693,3.43022,-1.105611
0.01960754,-3.399228,3.493352,-0.9315618
0.01990509,-3.26312,3.524223,-0.8418897
0.01989746,-3.015519,3.569945,-0.698386
0.02025604,-2.81988,3.615959,-0.5772249
0.01954651,-2.741101,3.639236,-0.5246009
0.01989746,-2.606557,3.676107,-0.4342905
0.01989746,-2.5366,3.697481,-0.3886213
0.01992798,-2.515613,3.70415,-0.3732151
0.03977203,-2.588726,3.686981,-0.4071288
0.01990509,-2.808656,3.631291,-0.5251194
0.01989746,-2.948284,3.593137,-0.6101161
0.01989746,-3.266284,3.520525,-0.7916753
0.01990509,-3.574633,3.454607,-0.9960576
0.02033997,-3.724613,3.420092,-1.092225
0.01945496,-3.993464,3.362568,-1.253855
0.01990509,-4.294908,3.346725,-1.455105
0.01989746,-4.543711,3.335673,-1.615409
0.02003479,-4.640342,3.325894,-1.672934
0.01976776,-4.786205,3.310734,-1.770084
0.01996613,-4.833355,3.303035,-1.800554
0.03974915,-4.875452,3.303526,-1.827129
0.03990173,-4.840078,3.321584,-1.792956
0.02009583,-4.680226,3.387183,-1.66377
0.01958466,-4.458783,3.458889,-1.505067
0.01989746,-4.235862,3.515605,-1.341726
0.01990509,-4.125072,3.53776,-1.270989
0.01989746,-3.909487,3.580461,-1.113712
0.01989746,-3.721008,3.608377,-0.9735836
0.01990509,-3.635656,3.624511,-0.911177
0.02062225,-3.489457,3.652037,-0.8131493
0.01917267,-3.372898,3.674061,-0.73445
0.01991272,-3.328569,3.685055,-0.7025186
0.02054596,-3.271688,3.697306,-0.6588122
0.01924133,-3.251616,3.694788,-0.6416773
0.04296875,-3.277892,3.66467,-0.6482432
0.01989746,-3.30928,3.650506,-0.6638389
0.01989746,-3.4052,3.609766,-0.71587
0.02009583,-3.528679,3.558441,-0.7903888
0.0196991,-3.59034,3.530257,-0.8332576
0.01990509,-3.710466,3.483614,-0.9129485
0.01989746,-3.797843,3.452991,-0.9745823
0.03980255,-3.823396,3.446409,-0.9944597
0.05970001,-3.792797,3.462558,-0.9793609
0.02028656,-3.754948,3.473395,-0.9572481
0.01951599,-3.719169,3.476617,-0.9399775
0.03983307,-3.676843,3.468224,-0.9260103
0.01985931,-3.638416,3.467069,-0.9100195
0.0202179,-3.610307,3.472694,-0.8961383
0.0196228,-3.524848,3.506549,-0.8515581
0.01986694,-3.411726,3.565287,-0.7880385
0.01989746,-3.353326,3.6,-0.7518582
0.0200119,-3.245513,3.678484,-0.6773114
0.02009583,-3.146015,3.746505,-0.6104864
0.01978302,-3.069105,3.804163,-0.5559596
0.01984406,-3.04134,3.825197,-0.5355893
0.01976776,-3.008453,3.851113,-0.5102727
0.09950256,-3.024434,3.832861,-0.5099483
0.02339935,-3.054621,3.807175,-0.5245057
0.07959747,-3.069113,3.792514,-0.5310879
0.1395874,-3.078963,3.774184,-0.5350682
0.04649353,-3.093224,3.753325,-0.5404814
0.06291199,-3.11246,3.735346,-0.5441169
0.05970001,-3.128302,3.720644,-0.5439802
0.2985001,-3.106956,3.712321,-0.5290356
0.06089783,-3.079764,3.710857,-0.5198344
0.1920776,-3.059593,3.706726,-0.5148908
0.0796051,-3.038325,3.713052,-0.5087037
0.09950256,-3.06891,3.712237,-0.534152
0.01989746,-3.125166,3.712561,-0.5690042
0.03980255,-3.206781,3.736156,-0.6082472
0.01990509,-3.295916,3.787714,-0.646106
0.01989746,-3.342379,3.821245,-0.6613038
0.01998901,-3.447059,3.915482,-0.6884943
0.01980591,-3.553371,4.052158,-0.7207381
0.003120422,-3.653522,4.205067,-0.7566597
0.03982544,-3.740198,4.375281,-0.7936108
0.0198822,-3.780165,4.46886,-0.8094864
0.01989746,-3.850904,4.667348,-0.8436525
0.01989746,-3.893478,4.84376,-0.8785717
0.01990509,-3.906525,4.929288,-0.8934457
0.01989746,-3.914757,5.083392,-0.907444
0.01989746,-3.889768,5.227892,-0.9074705
0.03980255,-3.806636,5.327237,-0.8704655
0.01995087,-3.676491,5.397949,-0.7873132
0.0198822,-3.50816,5.417124,-0.6611916
0.01986694,-3.40982,5.408329,-0.5883026
0.02011871,-3.209796,5.358655,-0.4609761
0.01968384,-3.006175,5.289205,-0.3453697
0.01989746,-2.907227,5.252168,-0.2962968
0.01990509,-2.73005,5.17133,-0.2183238
0.01998138,-2.577963,5.072834,-0.1682365
0.01981354,-2.521059,5.021988,-0.1548772
0.01989746,-2.449321,4.930725,-0.1418368
0.0201416,-2.41903,4.824255,-0.1542145
0.01966095,-2.438633,4.707576,-0.1969018
0.01989746,-2.470678,4.649659,-0.229086
0.003753662,-2.584617,4.54285,-0.3155962
0.03980255,-2.755367,4.455142,-0.4298832
0.01989746,-2.966472,4.400941,-0.5536
0.01989746,-3.086598,4.388361,-0.6171819
0.01990509,-3.339915,4.403386,-0.7462639
0.01989746,-3.569786,4.453704,-0.8573506
0.01991272,-3.678072,4.495574,-0.911521
0.01991272,-3.886665,4.600904,-1.021777
0.01992798,-4.078981,4.708922,-1.119115
0.02006531,-4.2538,4.808527,-1.212141
0.01969147,-4.335553,4.859697,-1.255043
0.01988983,-4.475137,4.951383,-1.34174
0.01990509,-4.579034,5.008726,-1.419717
0.04310608,-4.638273,5.008101,-1.455247
0.0792923,-4.50026,4.82639,-1.373781
0.01989746,-4.313739,4.620567,-1.257616
0.01990509,-4.212237,4.516885,-1.200904
0.01989746,-4.014314,4.329405,-1.100342
0.01990509,-3.827097,4.17741,-1.005378
0.01989746,-3.627397,4.042912,-0.903445
0.01990509,-3.530581,3.981958,-0.8592556
0.01988983,-3.323228,3.882051,-0.7712973
0.01990509,-3.109018,3.817272,-0.6823268
0.01989746,-3.005735,3.797553,-0.6461732
0.02005768,-2.806242,3.780979,-0.5853733
0.01974487,-2.708324,3.78196,-0.5584471
0.02012634,-2.54692,3.808167,-0.5054947
0.01966858,-2.394868,3.842768,-0.4527737
0.01990509,-2.267844,3.8992,-0.4076492
0.01989746,-2.209607,3.936141,-0.3895364
0.01989746,-2.124445,4.011896,-0.3736953
0.003593445,-2.050529,4.11058,-0.3594015
0.03980255,-1.990119,4.231459,-0.3452336
0.01989746,-1.96716,4.341224,-0.3515713
0.01990509,-1.955296,4.397834,-0.3574016
0.01989746,-1.950474,4.494785,-0.3845077
0.01989746,-1.965261,4.580575,-0.4205514
0.01990509,-1.982672,4.615742,-0.443903
0.02000427,-2.032599,4.65763,-0.49746
0.01989746,-2.106509,4.660097,-0.5652373
0.01979828,-2.20117,4.624371,-0.6486323
0.02359009,-2.276516,4.543159,-0.712245
0.02350616,-2.324172,4.438113,-0.7420875
0.04681396,-2.292259,4.332625,-0.7299122
0.03980255,-2.223578,4.256086,-0.7118078
0.01989746,-2.103928,4.204405,-0.6954688
0.01989746,-2.021427,4.189156,-0.6842122
0.01990509,-1.924795,4.180765,-0.6725625
0.01989746,-1.599043,4.211298,-0.6404612
0.0200882,-1.467802,4.230901,-0.6292949
0.01971436,-1.20755,4.286679,-0.6004318
0.01989746,-0.951251,4.358275,-0.5848112
0.01990509,-0.6927972,4.438519,-0.574542
0.0202713,-0.5666506,4.49031,-0.5728868
0.01952362,-0.3231781,4.584848,-0.5746603
0.0199585,-0.09180617,4.702097,-0.5888193
0.01984406,0.02405834,4.758486,-0.5987136
0.01989746,0.2666299,4.87114,-0.6225525
0.02012634,0.4906583,4.989908,-0.6673214
0.02009583,0.5890417,5.051042,-0.6954812
0.01947784,0.7817307,5.176521,-0.7447455
0.02002716,0.9627118,5.306314,-0.7703836
0.01986694,1.124671,5.428239,-0.7880872
0.01980591,1.19823,5.472914,-0.7894212
0.02090454,1.350901,5.555788,-0.7768885
0.01945496,1.493767,5.605865,-0.7319617
0.01934052,1.562176,5.627053,-0.7004856
0.02101898,1.688384,5.651252,-0.6234214
0.01878357,1.792888,5.651098,-0.5274827
0.01989746,1.835241,5.647908,-0.4756199
0.01990509,1.886821,5.633384,-0.3776188
0.01989746,1.90375,5.60923,-0.3156278
0.01989746,1.90581,5.562964,-0.252784
0.01990509,1.900399,5.528463,-0.2173152
0.01989746,1.865702,5.439552,-0.1652682
0.01989746,1.815773,5.332629,-0.1302528
0.01990509,1.785111,5.280281,-0.1224999
0.01991272,1.71444,5.166965,-0.1394738
0.0198822,1.608059,5.061933,-0.2006897
0.01990509,1.538283,5.012701,-0.2463305
0.01989746,1.360839,4.940298,-0.3811786
0.03987885,0.9749308,4.899776,-0.7107415
0.01992798,0.8754122,4.894361,-0.7897736
0.01979065,0.6713099,4.871629,-0.961254
0.01990509,0.4604158,4.866178,-1.143712
0.003768921,0.3647678,4.869887,-1.222243
0.03980255,0.176764,4.899349,-1.361286
0.01989746,0.009226561,4.935983,-1.475623
0.01998901,-0.1448522,4.959464,-1.595388
0.01981354,-0.2162721,4.970613,-1.650449
0.01989746,-0.3407421,4.995935,-1.739661
0.01990509,-0.4477832,5.017765,-1.784391
0.01989746,-0.5427115,5.024471,-1.802707
0.01989746,-0.5890152,5.017397,-1.8081
0.02017212,-0.689815,4.995144,-1.829671
0.01977539,-0.7997918,4.936674,-1.825463
0.03993988,-0.9217062,4.779122,-1.724682
0.02013397,-0.9924679,4.554359,-1.593894
0.02016449,-1.010464,4.419394,-1.529707
0.01911926,-1.032866,4.135115,-1.399175
0.02045441,-1.028001,3.866188,-1.252299
0.01934052,-1.004109,3.596261,-1.12177
0.01990509,-0.993289,3.489515,-1.07149
0.01989746,-0.9649143,3.301649,-0.9914755
0.01989746,-0.9264827,3.138361,-0.9247123
0.01990509,-0.9026637,3.071156,-0.8951825
0.01989746,-0.8647547,2.967115,-0.8584796
0.003097534,-0.8392029,2.891872,-0.8364297
0.0235672,-0.8122373,2.823363,-0.8182832
0.03980255,-0.7886434,2.764618,-0.8043448
0.01990509,-0.7758961,2.737511,-0.797233
0.01989746,-0.74405,2.684948,-0.7802944
0.01989746,-0.7204065,2.645628,-0.7681357
0.01990509,-0.7112861,2.627852,-0.7646151
0.01989746,-0.6942048,2.595919,-0.7560874
0.02030182,-0.6805634,2.566823,-0.7468501
0.01950073,-0.6716881,2.526853,-0.7288411
0.02850342,-0.6682801,2.499408,-0.7172782
0.02005768,-0.6673739,2.396775,-0.6777514
0.02000427,-0.6733696,2.364926,-0.6683329
0.01978302,-0.6943107,2.309907,-0.6615202
0.0197525,-0.7180991,2.267375,-0.6631727
0.03980255,-0.7499537,2.225233,-0.6625203
0.02015686,-0.7773328,2.208806,-0.6706971
0.01976013,-0.8020449,2.198881,-0.6815
0.04000854,-0.8482013,2.196293,-0.7043654
0.03947449,-0.8892326,2.202915,-0.7325697
0.01989746,-0.9237437,2.213768,-0.7569035
0.03980255,-0.9637852,2.230153,-0.7864625
0.01990509,-1.00332,2.247216,-0.8156273
0.02003479,-1.031973,2.264014,-0.8351703
0.03965759,-1.067857,2.289385,-0.8599224
0.01990509,-1.085905,2.30793,-0.8733711
0.03979492,-1.108479,2.345807,-0.8897412
0.01992035,-1.117743,2.365283,-0.8966649
0.05968475,-1.13002,2.395025,-0.9056642
0.05974579,-1.142943,2.422723,-0.9136271
0.04040527,-1.156236,2.437883,-0.918879
0.07894897,-1.172431,2.451759,-0.9234786
