0 0.5 0 
0 0.5 0 
0 0.5 0 
0 0.5 0 
0 0.5 0 
0 0.5 0 
0 0.5 0 
0 0.5 0 
0 0.5 0 
0 0.5 0 
0 0.5 0 
0 0.5 0 
0 0.5 0 
0 0.5 0 
0 0.5 0 
0 0.5 0 
0 0.5 0 
0 0.5 0 
0 0.5 0 
0 0.5 0 
0 0.5 0 
0 0.5 0 
0 0.5 0 
0 0.5 0 
0 0.5 0 
0 0.5 0 
0 0.5 0 
0 0.5 0 
-0.02665829 0.5151308 -0.002882176 
-0.0446264 0.5229621 -0.004448079 
-0.1163391 0.543766 -0.003559151 
-0.1313705 0.5400353 -0.003686161 
-0.1604162 0.5377211 -0.00416556 
-0.2050835 0.5156578 -0.003667757 
-0.2210218 0.5007785 -0.002985238 
-0.2340487 0.5020464 -0.003761774 
-0.286676 0.5312057 0.003254966 
-0.462815 0.647576 -0.007683588 
-0.5911039 0.6591457 0.01031594 
-0.6367591 0.669028 0.02009186 
-0.7302806 0.6941157 0.04836278 
-0.7950509 0.709893 0.07528123 
-1.009607 0.6787008 0.2346526 
-1.073224 0.6501345 0.2936942 
-1.200459 0.5812299 0.4117775 
-1.264077 0.5408916 0.4708191 
-1.345011 0.5365347 0.543133 
-1.360826 0.5686134 0.5606484 
-1.397476 0.6119076 0.5975963 
-1.434634 0.6407663 0.6358325 
-1.470918 0.6617349 0.6734108 
-1.506314 0.6783586 0.7079397 
-1.523514 0.6849688 0.7245118 
-1.540281 0.6906024 0.7407435 
-1.572777 0.6991628 0.7724573 
-1.588629 0.702234 0.78796 
-1.619795 0.7062203 0.8183928 
-1.635204 0.7071952 0.833428 
-1.665921 0.7071869 0.8634031 
-1.681323 0.7062077 0.8784362 
-1.712462 0.7022254 0.908834 
-1.7283 0.6991636 0.9242979 
-1.744366 0.6953246 0.9399868 
-1.777385 0.6850867 0.9722466 
-1.794421 0.678542 0.988903 
-1.811824 0.6709008 1.005919 
-1.829668 0.6620935 1.02338 
-1.866645 0.6403835 1.059575 
-1.885774 0.6271729 1.078296 
-1.905395 0.6122456 1.097521 
-1.966482 0.5549225 1.157353 
-1.987431 0.5310107 1.177873 
-2.008494 0.5043092 1.198488 
-2.018544 0.5042514 1.204128 
-2.022401 0.5143093 1.210594 
-2.023538 0.5164441 1.212685 
-2.024025 0.5171762 1.213339 
-2.022159 0.5145487 1.211257 
-2.019617 0.5111551 1.208715 
-2.016007 0.506348 1.205162 
-2.010076 0.4999838 1.200185 
-2.010986 0.5000026 1.200487 
-2.011058 0.5000094 1.200462 
-2.010988 0.5000015 1.200453 
-2.010972 0.4999997 1.200459 
-2.010975 0.4999998 1.20046 
-2.010977 0.4999999 1.200459 
-2.010978 0.5000001 1.200459 
-2.010978 0.5000001 1.200459 
-2.010978 0.5 1.200459 
-2.010978 0.5 1.200459 
-2.010978 0.5 1.200459 
-2.010978 0.5 1.200459 
-2.010978 0.5 1.200459 
-2.010978 0.5 1.200459 
-2.010978 0.5 1.200459 
-2.010978 0.5 1.200459 
-2.010978 0.5 1.200459 
-2.010978 0.5 1.200459 
-2.010978 0.5 1.200459 
-2.010978 0.5 1.200459 
-2.021468 0.5065681 1.150937 
-2.037541 0.5238963 1.068842 
-2.125743 0.5281346 0.780135 
-2.131628 0.5201416 0.6341952 
-2.12552 0.50166 0.5533842 
-2.126006 0.5009329 0.5448479 
-2.181489 0.4520002 0.2755563 
-2.237947 0.4685946 0.1780191 
-2.218173 0.3807709 0.05429427 
-2.305161 0.5137187 -0.1077814 
-2.290011 0.4642996 -0.1686622 
-2.328811 0.7538847 -0.227577 
-2.218461 0.5921032 -0.4488904 
-2.182203 0.9035037 -0.3326903 
-1.972415 0.7728559 0.1509482 
-1.936723 0.9279921 0.1986466 
-1.802533 1.182903 0.3294268 
-1.735439 1.304473 0.3948168 
-1.668344 1.422118 0.4602069 
-1.534154 1.645637 0.590987 
-1.467059 1.751511 0.656377 
-1.33287 1.951486 0.7871571 
-1.265775 2.045588 0.8525472 
-1.19868 2.135765 0.9179372 
-1.064491 2.304348 1.048717 
-0.9973958 2.382754 1.114107 
-0.930301 2.457236 1.179498 
-0.7961113 2.594427 1.310278 
-0.7290165 2.657136 1.375668 
-0.6619217 2.715922 1.441058 
-0.5277321 2.821721 1.571838 
-0.4606373 2.868735 1.637228 
-0.3935425 2.911824 1.702618 
-0.2593529 2.986231 1.833399 
-0.1922581 3.017549 1.898789 
-0.1251633 3.044942 1.964179 
0.1432159 3.115277 2.225739 
0.2103107 3.12305 2.291129 
0.3445003 3.126826 2.42191 
0.4115951 3.122827 2.4873 
0.4786899 3.114905 2.55269 
0.5457847 3.103058 2.61808 
0.6128795 3.087288 2.68347 
0.6799743 3.067594 2.74886 
0.7470691 3.043975 2.81425 
0.8141639 3.016433 2.87964 
0.8812587 2.984966 2.94503 
1.015448 2.910261 3.075811 
1.082543 2.867023 3.141201 
1.149638 2.819861 3.206591 
1.283827 2.713764 3.337371 
1.350922 2.65483 3.402761 
1.485112 2.525189 3.533541 
1.552207 2.454482 3.598932 
1.619301 2.379852 3.664322 
1.753491 2.218819 3.795102 
1.820586 2.132417 3.860492 
1.887681 2.04209 3.925882 
2.02187 1.849666 4.056662 
2.088965 1.747567 4.122052 
2.223155 1.531599 4.252832 
2.290249 1.417728 4.318223 
2.357344 1.299934 4.383613 
2.491534 1.052573 4.514393 
2.558629 0.9230066 4.579783 
2.625723 0.7895162 4.645173 
2.680992 0.6692379 4.740085 
2.646339 0.6948027 4.795656 
2.631488 0.69607 4.824358 
2.601788 0.6868327 4.881764 
2.586937 0.676328 4.910467 
2.577034 0.7044269 4.950212 
2.573068 0.7163519 4.968381 
2.567348 0.7350069 5.002445 
2.56581 0.7423898 5.018157 
2.565469 0.7538196 5.046995 
2.568987 0.7613313 5.072451 
2.572253 0.7637323 5.083952 
2.576551 0.765307 5.094666 
2.588189 0.7658438 5.113958 
2.595632 0.7648945 5.122527 
2.613709 0.7603229 5.137764 
2.624452 0.7567255 5.144442 
2.636252 0.7521151 5.150571 
2.66344 0.7398975 5.161147 
2.6787 0.7320486 5.165699 
2.69518 0.7229773 5.169753 
2.712759 0.7125268 5.173384 
2.73629 0.7069214 5.187386 
2.748611 0.7077845 5.20758 
2.753153 0.706092 5.218754 
2.756533 0.703106 5.230714 
2.758758 0.6988525 5.243507 
2.765136 0.6914114 5.270153 
2.777085 0.6844171 5.297026 
2.783689 0.680189 5.31117 
2.790367 0.6753568 5.326009 
2.797164 0.6698668 5.341592 
2.811478 0.6565507 5.374898 
2.83544 0.6291857 5.430312 
2.853065 0.6045447 5.471042 
2.862358 0.5898739 5.492557 
2.871923 0.5733246 5.514645 
2.891845 0.5340354 5.560664 
2.891845 0.5340354 5.560664 
2.902139 0.5109042 5.584451 
2.917817 0.510763 5.608643 
2.916722 0.5193447 5.614496 
2.917229 0.5247979 5.619384 
2.9183 0.5282573 5.622867 
2.919695 0.5309383 5.625608 
2.919511 0.5303383 5.624974 
2.918692 0.5284521 5.623019 
2.917279 0.5252529 5.619739 
2.915296 0.5207024 5.615139 
2.909619 0.5072918 5.60211 
2.905429 0.4994047 5.594115 
2.905216 0.5016296 5.593063 
2.906231 0.5004586 5.59425 
2.90677 0.5000491 5.595367 
2.906745 0.5000193 5.595261 
2.906726 0.4999992 5.595061 
2.906728 0.4999997 5.595069 
2.906727 0.5000001 5.595079 
2.906727 0.5000003 5.595082 
2.906727 0.5000003 5.595082 
2.906727 0.5000003 5.595082 
2.906727 0.5000003 5.595082 
2.906727 0.5000003 5.595082 
2.906727 0.5000003 5.595082 
2.906727 0.5000003 5.595082 
2.906727 0.5000003 5.595082 
2.906727 0.5000003 5.595082 
2.906727 0.5000003 5.595082 
2.906727 0.5000003 5.595082 
2.906727 0.5000003 5.595082 
2.906727 0.5000003 5.595082 
2.906727 0.5000003 5.595082 
2.906727 0.5000003 5.595082 
2.855114 0.5094482 5.536365 
2.810659 0.5124155 5.463712 
2.790849 0.4440571 5.207754 
2.760557 0.4821153 5.075113 
2.568357 0.5304605 4.711153 
2.204494 0.8601127 4.652593 
2.283242 1.184433 5.053314 
2.470825 1.24918 5.345573 
2.706082 1.236804 5.684129 
3.058967 1.188812 6.191962 
3.294224 1.137196 6.530517 
3.647109 1.030343 7.03835 
3.999994 0.8881741 7.546183 
4.445167 0.7861933 8.136288 
4.656648 0.7883755 8.38241 
4.867812 0.7751583 8.628571 
5.077822 0.7476097 8.874642 
5.286896 0.7054704 9.12064 
5.394792 0.7649286 9.312911 
5.603835 0.8488096 9.696139 
5.708357 0.8672061 9.887753 
5.919735 0.8645432 10.27385 
6.026597 0.8434584 10.46835 
6.13346 0.8066776 10.66285 
6.240322 0.7542009 10.85735 
6.297783 0.8086071 11.04518 
6.358914 0.8366501 11.23293 
6.38948 0.8447856 11.32681 
6.450612 0.8492845 11.51457 
6.511743 0.8380876 11.70233 
6.572875 0.8111945 11.89009 
6.60344 0.791862 11.98397 
6.664572 0.741425 12.17173 
6.673717 0.7739447 12.24995 
6.682621 0.8007846 12.32842 
6.700857 0.840296 12.48457 
6.719092 0.8641112 12.64071 
6.728209 0.8701329 12.71879 
6.737327 0.8722305 12.79686 
6.746445 0.8704042 12.87493 
6.755562 0.8646538 12.953 
6.76468 0.8549795 13.03108 
6.773798 0.8413811 13.10915 
6.798049 0.8562923 13.25674 
6.810462 0.8597604 13.33023 
6.822875 0.8593045 13.40372 
6.835289 0.8549246 13.47721 
6.860115 0.8343928 13.62419 
6.872528 0.8182409 13.69768 
6.884941 0.798165 13.77117 
6.897354 0.7741652 13.84466 
6.909767 0.7462413 13.91815 
6.91246 0.7274899 14.05788 
6.903134 0.7337598 14.12415 
6.894398 0.733959 14.19024 
6.876927 0.7225852 14.32243 
6.868191 0.7110123 14.38852 
6.853398 0.7228542 14.49533 
6.842329 0.7772515 14.57028 
6.831367 0.8134987 14.64678 
6.825945 0.8267719 14.68539 
6.820627 0.8379249 14.72369 
6.810292 0.854591 14.79933 
6.800334 0.8641117 14.87405 
6.790656 0.8670168 14.94828 
6.785884 0.8660517 14.98538 
6.781186 0.8634703 15.02255 
6.771858 0.8533124 15.09739 
6.767213 0.8456172 15.13518 
6.75801 0.824507 15.2117 
6.753413 0.810878 15.25051 
6.744195 0.776785 15.32929 
6.735004 0.7323918 15.40937 
6.730477 0.7057826 15.44967 
6.717309 0.6067637 15.5704 
6.713001 0.5673777 15.61035 
6.708916 0.5243179 15.64989 
6.705032 0.4773984 15.68928 
6.701262 0.4266138 15.7286 
6.697402 0.3718472 15.76802 
6.69346 0.3130928 15.80752 
6.69346 0.3130928 15.80752 
6.689519 0.2504143 15.84702 
6.681636 0.1132854 15.92603 
6.677694 0.03883493 15.96553 
6.673753 -0.03953952 16.00503 
6.669811 -0.121838 16.04454 
6.66587 -0.2080604 16.08404 
6.657987 -0.3922774 16.16305 
6.654045 -0.4902718 16.20255 
6.650104 -0.5921903 16.24205 
6.64222 -0.8077992 16.32106 
6.638279 -0.9214896 16.36056 
6.634337 -1.039104 16.40006 
6.630396 -1.160642 16.43957 
6.626454 -1.286105 16.47907 
6.622513 -1.415491 16.51857 
6.61463 -1.686036 16.59758 
6.610688 -1.827195 16.63708 
6.606747 -1.972277 16.67659 
6.602805 -2.121284 16.71609 
6.598864 -2.274214 16.75559 
6.590981 -2.591847 16.8346 
6.587039 -2.756549 16.8741 
6.583097 -2.925176 16.9136 
6.579156 -3.097726 16.95311 
6.575214 -3.274201 16.99261 
6.567331 -3.638922 17.07162 
6.56339 -3.827168 17.11112 
6.559448 -4.019339 17.15062 
6.555507 -4.215433 17.19013 
6.547624 -4.619394 17.26913 
6.543682 -4.82726 17.30864 
6.539741 -5.039051 17.34814 
6.535799 -5.254766 17.38764 
6.527916 -5.697967 17.46665 
6.523974 -5.925453 17.50615 
6.520033 -6.156864 17.54565 
6.516091 -6.392198 17.58516 
6.51215 -6.631457 17.62466 
6.504267 -7.121746 17.70367 
6.500325 -7.372777 17.74317 
6.496384 -7.627731 17.78267 
6.492442 -7.88661 17.82218 
6.488501 -8.149412 17.86168 
6.480618 -8.68679 17.94069 
6.476676 -8.961364 17.98019 
6.472734 -9.239862 18.01969 
6.468793 -9.522285 18.05919 
6.464851 -9.808632 18.0987 
6.456968 -10.3931 18.1777 
6.453027 -10.69122 18.21721 
6.449085 -10.99326 18.25671 
6.441202 -11.60912 18.33572 
6.437261 -11.92293 18.37522 
6.433319 -12.24067 18.41472 
6.429378 -12.56233 18.45423 
6.421494 -13.21743 18.53323 
6.417553 -13.55086 18.57273 
6.413611 -13.88822 18.61224 
6.40967 -14.22951 18.65174 
6.401787 -14.92384 18.73075 
6.397845 -15.2769 18.77025 
6.393904 -15.63388 18.80975 
6.386021 -16.35961 18.88876 
6.382079 -16.72836 18.92826 
6.378138 -17.10103 18.96777 
6.374196 -17.47763 19.00727 
6.366313 -18.2426 19.08628 
6.362371 -18.63097 19.12578 
6.354488 -19.41948 19.20478 
6.346605 -20.22369 19.28379 
6.342664 -20.63168 19.32329 
6.334781 -21.45943 19.4023 
6.330839 -21.87919 19.4418 
6.326898 -22.30288 19.48131 
6.322956 -22.73049 19.52081 
6.315073 -23.59748 19.59982 
6.30719 -24.48017 19.67882 
6.303248 -24.9274 19.71832 
6.295365 -25.83364 19.79733 
6.291424 -26.29264 19.83683 
6.287482 -26.75556 19.87634 
6.279599 -27.69319 19.95534 
6.275658 -28.16789 19.99485 
6.267775 -29.12906 20.07385 
6.263833 -29.61552 20.11336 
6.259892 -30.10592 20.15286 
6.252008 -31.09848 20.23186 
6.248067 -31.60065 20.27137 
6.244125 -32.10674 20.31087 
6.236242 -33.13069 20.38988 
6.232301 -33.64855 20.42938 
6.228359 -34.17033 20.46888 
6.220476 -35.22568 20.54789 
6.216535 -35.75924 20.58739 
6.212593 -36.29672 20.6269 
6.20471 -37.38345 20.7059 
6.200768 -37.93271 20.74541 
6.196827 -38.48589 20.78491 
6.192885 -39.04299 20.82441 
6.185002 -40.16896 20.90342 
6.181061 -40.73784 20.94292 
6.177119 -41.31064 20.98242 
6.169236 -42.46801 21.06143 
6.165295 -43.05257 21.10093 
6.161353 -43.64107 21.14044 
6.157412 -44.23349 21.17994 
6.149529 -45.43009 21.25895 
6.145587 -46.03428 21.29845 
6.141645 -46.6424 21.33795 
6.137704 -47.25443 21.37745 
6.129821 -48.49028 21.45646 
6.125879 -49.11409 21.49596 
