-3.745231 0.5000001 -1.198282 
-3.745231 0.5000001 -1.198282 
-3.745231 0.5000001 -1.198282 
-3.745231 0.5000001 -1.198282 
-3.745231 0.5000001 -1.198282 
-3.745231 0.5000001 -1.198282 
-3.745231 0.5000001 -1.198282 
-3.745231 0.5000001 -1.198282 
-3.745231 0.5000001 -1.198282 
-3.745231 0.5000001 -1.198282 
-3.745231 0.5000001 -1.198282 
-3.745231 0.5000001 -1.198282 
-3.745231 0.5000001 -1.198282 
-3.745231 0.5000001 -1.198282 
-3.745231 0.5000001 -1.198282 
-3.745231 0.5000001 -1.198282 
-3.745231 0.5000001 -1.198282 
-3.745231 0.5000001 -1.198282 
-3.745231 0.5000001 -1.198282 
-3.745231 0.5000001 -1.198282 
-3.745231 0.5000001 -1.198282 
-3.745231 0.5000001 -1.198282 
-3.745231 0.5000001 -1.198282 
-3.745231 0.5000001 -1.198282 
-3.745231 0.5000001 -1.198282 
-3.745231 0.5000001 -1.198282 
-3.745231 0.5000001 -1.198282 
-3.745231 0.5000001 -1.198282 
-3.745231 0.5000001 -1.198282 
-3.745231 0.5000001 -1.198282 
-3.745231 0.5000001 -1.198282 
-3.765065 0.498754 -1.231047 
-3.808856 0.4846113 -1.311085 
-3.822246 0.4697191 -1.310845 
-3.828741 0.5002928 -1.37378 
-3.874913 0.5301979 -1.450957 
-4.174114 0.6667953 -1.546068 
-4.251145 0.6901258 -1.61434 
-4.531313 0.7458572 -1.642823 
-4.797487 0.8175427 -1.729492 
-4.800787 0.8763156 -1.847462 
-5.047544 1.028216 -1.945178 
-5.409541 1.014459 -2.368336 
-5.483697 1.046186 -2.508368 
-5.539281 1.013482 -2.652199 
-5.56208 1.006335 -2.724036 
-5.396119 1.00747 -2.904429 
-5.33527 1.052281 -3.037117 
-5.178432 1.23255 -3.235991 
-5.351208 1.167207 -3.436883 
-5.19469 1.2969 -3.363338 
-5.392181 1.459343 -3.258863 
-5.517765 1.385493 -3.423136 
-5.536652 1.460761 -3.348768 
-5.596144 1.308407 -3.535589 
-5.67545 1.252151 -3.599628 
-5.688037 1.241086 -3.583509 
-5.791936 1.179291 -3.434589 
-5.902136 1.136846 -3.273645 
-5.982873 1.067568 -3.170231 
-6.028634 1.02442 -3.109181 
-6.068291 0.9597476 -3.029348 
-6.08812 0.9215254 -2.989431 
-6.107949 0.8793792 -2.949515 
-6.147606 0.7833148 -2.869682 
-6.147676 0.7766423 -2.83382 
-6.144888 0.772267 -2.797364 
-6.13519 0.7383032 -2.687566 
-6.126189 0.7027231 -2.613324 
-6.134024 0.7062704 -2.582405 
-6.155151 0.7123473 -2.523456 
-6.166101 0.7103912 -2.493979 
-6.177886 0.7061728 -2.464727 
-6.190597 0.6998279 -2.435684 
-6.218749 0.6805555 -2.378052 
-6.234109 0.667431 -2.349387 
-6.250246 0.651826 -2.320786 
-6.250246 0.651826 -2.320786 
-6.284511 0.612621 -2.263722 
-6.302409 0.5887066 -2.235268 
-6.320621 0.5616881 -2.206901 
-6.338959 0.5313829 -2.178674 
-6.387092 0.531246 -2.178222 
-6.400905 0.5374396 -2.181012 
-6.408828 0.5463351 -2.184192 
-6.419954 0.5588239 -2.191655 
-6.423624 0.5617186 -2.19585 
-6.425833 0.562688 -2.200408 
-6.42572 0.5589414 -2.210652 
-6.423406 0.5542226 -2.216352 
-6.419616 0.5475563 -2.222438 
-6.406595 0.5309052 -2.235315 
-6.397601 0.5289912 -2.237176 
-6.388807 0.5214801 -2.240171 
-6.370002 0.4983415 -2.241652 
-6.371909 0.5020789 -2.241469 
-6.375235 0.50235 -2.240525 
-6.378728 0.5001682 -2.239858 
-6.378768 0.5000728 -2.23997 
-6.378635 0.5000207 -2.240082 
-6.378557 0.4999973 -2.24012 
-6.378563 0.4999989 -2.24011 
-6.378568 0.5000002 -2.240102 
-6.378568 0.5 -2.240104 
-6.378568 0.5 -2.240104 
-6.378568 0.5 -2.240104 
-6.378568 0.5 -2.240104 
-6.378568 0.5 -2.240104 
-6.378568 0.5 -2.240104 
-6.378568 0.5 -2.240104 
-6.378568 0.5 -2.240104 
-6.378568 0.5 -2.240104 
-6.378568 0.5 -2.240104 
-6.378568 0.5 -2.240104 
-6.378568 0.5 -2.240104 
-6.378568 0.5 -2.240104 
-6.378568 0.5 -2.240104 
-6.378568 0.5 -2.240104 
-6.378568 0.5 -2.240104 
-6.378568 0.5 -2.240104 
-6.378568 0.5 -2.240104 
-6.378568 0.5 -2.240104 
-6.378568 0.5 -2.240104 
-6.378568 0.5 -2.240104 
-6.378568 0.5 -2.240104 
-6.378568 0.5 -2.240104 
-6.378568 0.5 -2.240104 
-6.378568 0.5 -2.240104 
-6.378568 0.5 -2.240104 
-6.378568 0.5 -2.240104 
-6.378568 0.5 -2.240104 
-6.378568 0.5 -2.240104 
-6.378568 0.5 -2.240104 
-6.378568 0.5 -2.240104 
-6.378568 0.5 -2.240104 
-6.378568 0.5 -2.240104 
-6.378568 0.5 -2.240104 
-6.378568 0.5 -2.240104 
-6.378568 0.5 -2.240104 
-6.378568 0.5 -2.240104 
-6.378568 0.5 -2.240104 
-6.378568 0.5 -2.240104 
-6.378568 0.5 -2.240104 
-6.378568 0.5 -2.240104 
-6.378568 0.5 -2.240104 
-6.378568 0.5 -2.240104 
-6.378568 0.5 -2.240104 
-6.378568 0.5 -2.240104 
-6.378568 0.5 -2.240104 
-6.378568 0.5 -2.240104 
-6.378568 0.5 -2.240104 
-6.378568 0.5 -2.240104 
-6.378568 0.5 -2.240104 
-6.378568 0.5 -2.240104 
-6.378568 0.5 -2.240104 
-6.378568 0.5 -2.240104 
-6.378568 0.5 -2.240104 
-6.378568 0.5 -2.240104 
-6.378568 0.5 -2.240104 
-6.378568 0.5 -2.240104 
-6.378568 0.5 -2.240104 
-6.378568 0.5 -2.240104 
-6.378568 0.5 -2.240104 
-6.378568 0.5 -2.240104 
-6.378568 0.5 -2.240104 
-6.378568 0.5 -2.240104 
-6.378568 0.5 -2.240104 
-6.378568 0.5 -2.240104 
-6.378568 0.5 -2.240104 
-6.378568 0.5 -2.240104 
-6.378568 0.5 -2.240104 
-6.378568 0.5 -2.240104 
-6.378568 0.5 -2.240104 
-6.378568 0.5 -2.240104 
-6.378568 0.5 -2.240104 
-1.105725 0.6997721 1.220876 
-1.167923 0.690879 1.198298 
-1.238664 0.6701827 1.193172 
-1.307334 0.644799 1.189622 
-1.365317 0.6464334 1.178453 
-1.418783 0.6101639 1.188157 
-1.483665 0.5853892 1.175684 
-1.546094 0.530553 1.193152 
-1.580815 0.5123663 1.174104 
-1.608643 0.4757509 1.164485 
-1.650721 0.49668 1.180735 
-1.710839 0.5042446 1.16249 
-1.82967 0.5193537 1.136795 
-1.957618 0.5332566 1.142869 
-2.180219 0.5310635 1.133056 
-2.316033 0.5008741 1.063268 
-2.413166 0.5110332 0.8924392 
-2.616068 0.363536 0.820714 
-2.86004 0.5156161 0.7007419 
-2.898358 0.5016547 0.6366562 
-2.87823 0.4571404 0.7174468 
-2.950474 0.4936697 0.5895939 
-2.856172 0.4603189 0.6564477 
-2.773247 0.730669 0.6359683 
-2.529404 0.9355193 0.7270711 
-2.359482 1.210242 0.7026277 
-2.260983 1.360686 0.7253203 
-2.224729 1.489948 0.716854 
-2.171133 1.581183 0.7397184 
-2.097163 1.651442 0.7725327 
-1.967921 1.675802 0.8706689 
-1.897618 1.731402 0.9343779 
-1.897618 1.731402 0.9343779 
-1.845494 1.791928 0.9823661 
-1.741245 1.901209 1.078343 
-1.68912 1.949964 1.126331 
-1.636996 1.994794 1.174319 
-1.584871 2.035701 1.222307 
-1.532747 2.072683 1.270295 
-1.480622 2.105742 1.318283 
-1.428498 2.134876 1.366272 
-1.376373 2.160087 1.41426 
-1.324249 2.181373 1.462248 
-1.272124 2.198735 1.510236 
-1.22 2.212174 1.558224 
-1.167875 2.221689 1.606212 
-1.115751 2.227279 1.654201 
-1.063626 2.228945 1.702189 
-1.011502 2.226688 1.750177 
-0.9593772 2.220506 1.798165 
-0.9072527 2.210401 1.846153 
-0.8551282 2.196371 1.894142 
-0.8030037 2.178418 1.94213 
-0.7508792 2.15654 1.990118 
-0.6987547 2.130738 2.038106 
-0.6466302 2.101013 2.086094 
-0.5945057 2.067364 2.134083 
-0.5423812 2.02979 2.182071 
-0.4902567 1.988292 2.230059 
-0.4381322 1.942871 2.278047 
-0.3860077 1.893525 2.326035 
-0.3338832 1.840256 2.374023 
-0.2817587 1.783062 2.422012 
-0.2296342 1.721945 2.47 
-0.1775097 1.656903 2.517988 
-0.1253852 1.587938 2.565976 
-0.07326066 1.515048 2.613964 
-0.02113615 1.438235 2.661952 
0.03098836 1.357497 2.709941 
0.08311287 1.272836 2.757929 
0.1352374 1.18425 2.805917 
0.1873619 1.091741 2.853905 
0.3437354 0.7906681 2.99787 
0.4479844 0.5703331 3.093846 
0.4844602 0.5439304 3.144083 
0.5164099 0.5062901 3.193507 
0.5213317 0.520403 3.216286 
0.525223 0.5393373 3.233575 
0.5315915 0.5552697 3.249114 
0.5383923 0.5687987 3.263713 
0.5458165 0.580036 3.277309 
0.5536482 0.5891809 3.289688 
0.6555073 0.6395848 3.337342 
0.7935557 0.7563903 3.372638 
0.9308645 0.7868915 3.393871 
1.27703 0.8444259 3.444959 
1.600843 1.101069 3.513532 
1.774588 1.107355 3.545217 
2.015337 1.269075 3.567825 
2.17372 1.29606 3.595215 
2.335801 1.446814 3.626653 
2.384376 1.525085 3.631428 
2.438124 1.580435 3.634552 
2.55852 1.759389 3.650651 
2.58002 1.774544 3.65438 
2.614287 1.778028 3.65468 
2.647539 1.759391 3.651999 
2.664165 1.744187 3.650659 
2.697417 1.702006 3.647978 
2.730669 1.64413 3.645297 
2.763922 1.570557 3.642616 
2.797174 1.481288 3.639935 
2.8138 1.430768 3.638595 
2.847052 1.317955 3.635914 
2.880305 1.189447 3.633234 
2.913557 1.045242 3.630553 
2.930183 0.9672535 3.629212 
2.946809 0.8853412 3.627872 
2.963435 0.7995048 3.626532 
2.988202 0.8324556 3.642418 
3.011624 0.8352991 3.654743 
3.058111 0.8235265 3.678569 
3.081834 0.8150572 3.69113 
3.105977 0.805293 3.704243 
3.130608 0.7941557 3.717915 
3.339155 0.7810344 3.762676 
3.335637 0.3309054 3.970879 
3.343847 0.5690941 3.96167 
3.356282 0.6506932 3.974508 
3.350763 0.6895702 3.977772 
3.345244 0.7245231 3.981036 
3.339725 0.7555521 3.9843 
3.334205 0.7826571 3.987564 
3.328686 0.805838 3.990828 
3.323167 0.825095 3.994092 
3.317648 0.8404279 3.997356 
3.312129 0.8518369 4.00062 
3.30661 0.8593219 4.003884 
3.30109 0.8628829 4.007148 
3.295571 0.8625198 4.010412 
3.290052 0.8582327 4.013676 
3.284533 0.8500217 4.01694 
3.279014 0.8378867 4.020204 
3.273495 0.8218277 4.023468 
3.267976 0.8018446 4.026731 
3.262186 0.7864348 4.031697 
3.258872 0.7797881 4.040488 
3.256887 0.7756793 4.051459 
3.255552 0.771181 4.063574 
3.254752 0.765699 4.076641 
3.254459 0.7591385 4.090608 
3.25471 0.7515448 4.105662 
3.255494 0.7428801 4.12181 
3.256771 0.7329906 4.138997 
3.258539 0.7218012 4.157295 
3.260765 0.7091611 4.176633 
3.264138 0.7019457 4.191195 
3.267161 0.7033014 4.198263 
3.270268 0.7066492 4.202034 
3.273378 0.7088346 4.204371 
3.2765 0.7096581 4.205377 
3.279653 0.7093139 4.204939 
3.282851 0.7078735 4.203018 
3.286102 0.7053413 4.199608 
3.289415 0.701692 4.194709 
3.292798 0.6968943 4.188321 
3.296258 0.6908885 4.180453 
3.302477 0.6918797 4.177609 
3.309561 0.692564 4.177011 
3.317011 0.6907674 4.177027 
3.325025 0.6879527 4.177228 
3.33367 0.6856668 4.17662 
3.342839 0.6832167 4.175036 
3.352609 0.6804571 4.172843 
3.36308 0.6773337 4.170416 
3.374306 0.6737918 4.167935 
3.386331 0.6697845 4.165384 
3.399146 0.6652268 4.162744 
3.412784 0.6600558 4.159959 
